YYYY-Www  Mo Tu We Th Fr Sa Su     	2013-W27   ⑦  2  3  4  5  6  7     
2013-W01  31  ①  2  3  4  5  6     	2013-W28   8  9 10 11 12 13 14     
2013-W02   7  8  9 10 11 12 13     	2013-W29  15 16 17 18 19 20 21     
2013-W03  14 15 16 17 18 19  ♒     	2013-W30   ♌ 23 24 25 26 27 28     
2013-W04  21 22 23 24 25 26 27     	2013-W31  29 30 31  ⑧  2  3  4     
2013-W05  28 29 30 31  ②  2  3     	2013-W32   5  6  7  8  9 10 11     
2013-W06   4  5  6  7  8  9 10     	2013-W33  12 13 14 15 16 17 18     
2013-W07  11 12 13 14 15 16 17     	2013-W34  19 20 21 22  ♍ 24 25     
2013-W08   ♓ 19 20 21 22 23 24     	2013-W35  26 27 28 29 30 31  ⑨     
2013-W09  25 26 27 28  ③  2  3     	2013-W36   2  3  4  5  6  7  8     
2013-W10   4  5  6  7  8  9 10     	2013-W37   9 10 11 12 13 14 15     
2013-W11  11 12 13 14 15 16 17     	2013-W38  16 17 18 19 20 21 22     
2013-W12  18 19  ♈ 21 22 23 24     	2013-W39   ♎ 24 25 26 27 28 29     
2013-W13  25 26 27 28 29 30 31     	2013-W40  30  ⑩  2  3  4  5  6     
2013-W14   ④  2  3  4  5  6  7     	2013-W41   7  8  9 10 11 12 13     
2013-W15   8  9 10 11 12 13 14     	2013-W42  14 15 16 17 18 19 20     
2013-W16  15 16 17 18 19  ♉ 21     	2013-W43  21 22  ♏ 24 25 26 27     
2013-W17  22 23 24 25 26 27 28     	2013-W44  28 29 30 31  ⑪  2  3     
2013-W18  29 30  ⑤  2  3  4  5     	2013-W45   4  5  6  7  8  9 10     
2013-W19   6  7  8  9 10 11 12     	2013-W46  11 12 13 14 15 16 17     
2013-W20  13 14 15 16 17 18 19     	2013-W47  18 19 20 21  ♐ 23 24     
2013-W21  20  ♊ 22 23 24 25 26     	2013-W48  25 26 27 28 29 30  ⑫     
2013-W22  27 28 29 30 31  ⑥  2     	2013-W49   2  3  4  5  6  7  8     
2013-W23   3  4  5  6  7  8  9     	2013-W50   9 10 11 12 13 14 15     
2013-W24  10 11 12 13 14 15 16     	2013-W51  16 17 18 19 20 21  ♑     
2013-W25  17 18 19 20  ♋ 22 23     	2013-W52  23 24 25 26 27 28 29     
2013-W26  24 25 26 27 28 29 30     	2014-W01  30 31  ①  2  3  4  5     
